1793
1904
1924
46662
46687
51930
51936
51937
68107
68108
77985
78292
79875
79877
79878
79879
82353
82354
82355
147661
161282
161283
161284
161285
161286
161287
161296
161297
217473
217772
217773
217774
217779
219083
222148
223393
223394
223395
223525
238178
238268
238610
238873
240558
240615
240735
240792
240805
240820
240870
241740
241763
242196
242217
243151
243188
243189
243631
243707
243728
243955
244035
244059
244067
251657
254714
254843
256754
259270
259732
260128
261022
261164
261227
261629
261630
261659
262119
262120
262132
262723
262724
263020
263186
263187
263200
263552
263803
264176
264646
265231
265233
265280
265299
265618
265904
266217
266380
266922
267241
267261
267280
267309
267310
267850
268674
268697
268720
268765
268798
268799
268903
269679
269681
269943
269945
270499
270500
270501
270502
270509
271455
271871
271885
271886
272578
272609
273339
273477
273478
273515
273826
273858
273870
273905
273906
273935
273950
273951
274044
274082
274128
274199
274496
274497
275318
276168
276169
276399
276443
276547
277228
277754
281076
281745
282220
286513
286514
286515
286516
287535
289170
290345
290353
290687
290796
290900
290939
290940
290941
290942
290945
290946
290947
291310
291370
292043
292930
295459
297413
298318
298332
298720
298811
299447
300523
301153
301188
301331
301336
301720
304313
304324
304454
304827
306201
306233
306258
306273
306458
306621
306625
306849
306850
307052
307071
307536
307664
307666
308662
309312
309315
309316
309320
309321
309341
309414
309418
310072
310716
310729
310730
310957
312751
313738
313739
313990
314388
314415
314606
314615
314733
314971
315015
315056
315057
315245
315283
315795
316721
316980
317236
317671
317758
318032
318068
318069
319849
320553
320820
321146
321537
322064
323234
325931
329339
329456
329457
329458
329459
329460
329461
329462
329463
329464
329465
329479
329480
329489
329847
331178
331236
331530
331531
331634
331750
339351
339818
340178
340531
340981
342577
342822
343408
343543
343803
344190
345087
345125
345226
345370
345392
346849
347099
347669
347728
348433
348686
348756
349583
349864
350623
350624
350745
351303
351476
351491
351497
351498
351698
351699
351800
351804
352458
353188
353217
353227
353589
353698
361849
362495
364189
364388
364990
365101
365489
365512
366005
366579
366778
367343
367662
367670
368347
370679
371274
371796
372009
375083
375670
386536
386576
386716
387486
387653
388712
389213
390192
390817
391008
391333
391465
391814
392051
392648
392721
392868
393055
393056
393554
393556
393558
393559
393560
393579
393713
394987
395487
396203
397743
397744
397745
406751
408046
408340
408936
408937
410146
410249
410338
410885
411331
411421
411894
411918
412219
412690
412725
415042
416801
417941
418234
419028
419635
420668
420903
421251
421590
422442
422443
422445
423865
426180
426359
426881
427348
427500
427859
428005
428008
428195
428481
428483
428534
428669
429114
429171
429455
429506
430252
430257
430585
430861
430902
431147
431329
431642
431670
431707
431907
432351
432952
432953
434233
436620
436621
438779
440230
440235
440236
440237
440280
440396
440649
440871
441139
441874
442234
442858
442860
442935
442936
442937
442938
442939
442940
442941
442942
443869
444476
445617
445755
446242
446243
446244
446245
446246
446247
446248
446493
446681
446727
446913
447364
447412
447567
447709
447976
448105
448536
448775
448776
449156
449171
449172
450692
450693
450782
454881
455216
455253
455296
455318
455850
457149
457151
457785
458139
458246
458402
458414
458423
459350
460142
460143
460144
460145
460744
460836
460837
461102
461127
461128
462480
462714
462715
463397
463495
463496
463643
464780
464972
465468
465946
466530
469547
470292
470745
471147
471149
471713
472042
472043
472103
472859
472890
473159
473433
473434
473495
473499
473577
473764
473769
473817
474068
474069
474302
474303
474474
474475
474893
475313
475314
476173
476377
476380
476475
476603
476604
476784
478189
478554
478555
478836
479234
479237
479238
479239
479240
479935
479939
480366
480400
480582
481317
481318
481334
481339
481473
482035
482096
482315
482327
482328
482329
482417
483027
483281
483282
483283
483328
483431
483458
483775
483839
483969
484007
484074
484171
484511
484550
484901
489017
489542
489543
489717
490103
490104
490105
490394
490395
490396
492179
492180
492638
492819
493805
494016
494031
494037
494109
494596
497189
497278
499240
499366
499367
499488
499489
499925
501337
501497
501827
501948
502172
502247
502457
502585
502621
502847
504400
504401
510123
510133
510477
510668
510669
510670
510671
515653
516456
516800
516803
517698
525898
525899
526075
526096
526455
527213
527220
527250
527331
527423
527727
527728
527813
528106
528232
528439
537321
537329
537724
537725
538435
538506
538623
538985
539151
539272
539446
539465
539628
539805
539995
540332
540345
540351
541195
546289
549428
549433
549674
550432
550452
550735
550789
551055
551181
551191
551222
551285
551769
551815
552090
552624
553009
553060
553455
554133
554134
566087
566155
566346
567007
567905
568119
568122
568254
568401
568459
569559
569950
569954
570416
578205
578252
578424
578549
579208
579213
579230
579242
579513
579715
579740
579956
579965
580016
580120
581335
589741
590009
590095
590434
590775
590890
590923
590924
591072
591177
591518
592565
592566
593389
593391
593392
593393
593399
593995
594000
594655
594739
594898
594906
594934
595009
595550
596041
596622
596792
597708
597834
597835
598079
598454
598622
598788
598802
598803
598804
599073
599425
599638
599641
599944
600277
600345
600975
601563
603394
603404
604247
605025
605026
605441
605600
605793
605886
605922
606298
607133
607278
607577
608092
609031
609389
609491
609493
609526
610029
610054
611013
611281
611725
612082
612526
612527
612528
612635
612636
612637
612638
612639
612640
612641
612642
612643
613000
613209
613224
613225
613226
613227
613228
613296
613297
613300
613320
613341
613342
613343
613344
613623
614457
616520
616608
616609
616634
616656
616657
616834
617440
617885
618138
618639
618733
618734
618783
618814
619916
620495
620496
620582
620612
620871
621005
621206
621388
622498
622689
622738
622869
622899
622900
622979
622980
622992
622993
622994
622995
622996
623748
624099
624355
624406
625346
625468
626611
626612
626939
627472
627473
628652
628653
629377
630153
630154
630422
630456
630540
630543
630603
630848
631093
631099
631806
631960
631981
632191
632202
632203
632537
632924
633602
635218
635678
635679
635761
635826
635827
636016
636896
637412
637413
637931
638040
638501
638615
638763
638785
638786
639743
639863
639938
640242
640529
640942
641365
642796
643119
643241
643569
643652
643880
643903
643904
644950
644951
645181
645182
645343
645344
645429
645430
645431
645528
645645
645676
645686
645687
645729
646383
646415
646416
646607
646787
646832
647028
647216
647504
647737
648796
648808
649054
649498
649499
649500
649501
649502
650405
650570
650621
650767
651810
651811
652075
653327
653753
654271
654921
654922
654923
655063
655064
655065
655414
655648
655675
655820
656093
656119
656293
657029
657075
657426
657427
657513
657518
657519
657520
657748
658008
658036
658206
658279
658280
658284
658289
658900
659321
659443
659542
659751
660348
661111
661253
661264
661281
661360
661410
661532
661982
661983
662179
662558
662868
662869
662936
663005
663079
663156
663264
663408
663505
664213
664214
664666
665319
665430
665778
665885
665925
665998
666020
666426
666920
667313
667332
667666
668730
669442
669556
669574
669609
670368
670918
670931
671376
671377
671832
671848
672167
672177
672212
672813
672815
673130
673765
674364
676083
676772
676860
676873
677048
677591
677780
677820
677946
678694
678698
682685
682783
683153
684385
684475
684972
685025
687135
687269
688695
688714
688753
688937
689014
689138
689418
689419
689420
689709
690155
690404
690409
691015
691967
692273
692299
692404
692805
693740
695231
695324
695344
695345
695450
695451
695624
695627
696096
696298
696465
696579
696862
696863
697280
697281
697354
697413
697510
697602
697610
697811
698006
698234
698291
700025
700034
700158
700938
701158
701274
701280
701281
701475
701650
701697
701698
702204
702509
702578
702596
704603
704632
704906
704946
705060
705268
705526
706363
706535
707147
707210
707293
707295
707298
707889
707942
708047
708065
708278
708861
709021
709159
709376
709619
709620
709765
709981
710345
710438
710758
710762
711284
711453
711455
711564
711643
711980
711981
712051
712578
712579
712828
714114
715041
715045
715615
715616
715617
716952
716955
717587
717633
717752
718451
718453
718591
719146
719482
719507
719551
719552
719553
719971
719972
719973
719974
719975
719976
719977
719978
719979
719980
719981
719984
719987
719988
719989
719990
720000
720544
720551
720553
720703
720919
721162
721414
723321
723326
724021
724066
724232
724625
724966
724967
725474
726005
726192
726260
726578
727072
727356
727704
728108
728149
728150
728371
728423
728451
728452
728453
728454
728512
728906
728907
729126
729202
729204
729459
729463
729488
730341
730586
730774
730775
731174
731362
731377
732412
732903
732970
733228
733407
733457
734321
734330
734492
735262
735571
735745
735869
737175
738050
738101
738426
738934
740257
743088
743121
743454
744788
745212
745833
746016
746321
746322
746323
746324
746325
746622
746999
747277
747641
748396
748642
748964
749118
749889
749890
749891
750406
750648
751654
751719
752119
752273
752388
752389
752391
752670
753159
753160
753361
753365
753565
753621
754101
754102
754103
754748
754749
755579
755593
755684
755685
755686
755687
755688
755689
755690
757895
758033
758035
758046
758085
758780
758868
758969
758970
758971
759562
759873
760590
761132
761133
761135
761323
761854
761903
762038
762481
762667
764501
764776
764806
764854
764992
765001
765896
765991
767017
767018
767026
767806
767819
767820
768774
769910
770062
770619
770678
770679
771379
772125
772511
772521
775199
775441
776051
776053
776346
777416
778685
779580
779746
779843
780088
780091
780120
780345
781004
781005
781006
781014
781118
1054122
1054495
1055044
1055128
1056279
1056299
1056307
1056676
1057473
1058736
1058737
1058738
1058739
1058740
1059260
1059482
1059535
1059569
1059876
1060188
1060244
1060245
1060246
1060378
1061714
1062505
1062959
1063137
1063528
1064463
1065058
1065489
1067006
1067438
1067586
1067640
1067643
1069025
1069082
1069449
1069961
1070170
1070999
1071021
1071543
1071790
1071970
1072029
1072044
1072866
1072939
1073798
1073825
1074010
1074264
1074317
1074800
1075054
1076007
1076191
1077265
1077747
1113413
1117269
1117281
1117357
1118300
1118301
1118336
1118607
1118617
1118733
1118734
1118773
1118774
1118988
1118993
1119444
1119812
1120135
1120174
1120245
1120520
1120671
1120876
1121160
1121381
1122341
1122968
1122979
1124769
1124870
1125304
1125876
1125975
1126070
1127894
1127895
1128134
1128347
1129743
1129748
1129749
1130084
1137869
1138075
1138280
1138338
1138556
1138983
1138984
1139038
1139378
1139608
1139994
1140432
1141196
1141215
1141278
1142105
1142681
1142682
1142683
1142684
1142685
1142686
1143207
1143214
1151152
1151153
1151417
1151487
1152002
1152151
1152152
1152153
1152154
1152646
1152671
1152762
1152986
1153949
1154338
1154556
1154732
1154955
1155144
1155230
1155425
1156279
1157334
1159506
1159578
1160371
1160462
1160872
1160990
1161204
1161222
1161502
1161915
1161916
1162366
1162491
1162881
1163532
1163536
1163781
1164240
1164258
1164981
1165366
1166258
1167109
1167784
1167930
1167931
1169055
1169150
1169199
1169884
1169885
1169886
1169887
1169971
1170210
1170523
1170764
1170929
1171457
1171458
1171459
1171521
1171701
1171748
1172885
1173535
1173536
1173803
1173804
1175063
1175767
1175768
1176065
1176066
1176681
1176682
1176704
1177175
1177271
1177858
1178430
1178498
1178837
1178838
1179970
1180060
1180241
1181455
1182369
1182750
1183449
1183471
1183594
1183947
1184125
1184346
1184745
1184746
1184753
1184754
1184774
1184775
1184776
1184777
1184937
1185048
1185122
1185142
1186235
1186275
1186653
1187424
1187425
1187772
1187869
1187870
1188329
1188337
1188813
1189111
1189552
1190469
1190470
1190777
1190797
1190849
1190884
1191043
1191084
1191930
1192645
1193064
1193310
1193316
1193564
1193577
1193578
1193718
1194940
1195800
1195801
1195959
1196316
1196322
1196598
1196927
1197209
1197329
1197568
1198305
1199544
1199577
1199626
1199645
1199646
1199647
1199648
1199693
1199750
1199765
1199766
1199767
1199768
1199769
1200085
1200271
1200526
1200535
1201941
1202709
1202799
1202994
1203180
1203527
1204044
1204682
1204683
1204688
1204691
1205564
1206336
1207205
1207206
1207207
1207208
1207209
1207210
1207211
1207212
1207213
1207214
1207215
1207216
1207217
1207218
1207219
1207220
1207221
1207222
1207223
1207224
1207225
1207226
1207227
1207228
1207229
1207230
1207231
1207232
1207233
1207234
1207235
1207452
1207453
1207454
1207455
1207456
1207457
1207459
1207460
1207461
1207462
1207464
1207465
1207467
1207468
1207469
1207470
1207471
1207472
1207473
1207474
1207475
1207476
1207477
1207478
1207479
1207480
1207481
1207482
1207483
1207484
1207485
1207486
1207488
1207489
1207492
1207493
1207494
1207495
1207496
1207497
1207498
1207499
1207501
1207502
1207504
1207505
1207506
1207507
1207508
1207509
1207510
1207511
1207512
1207513
1207514
1207515
1207516
1207517
1207518
1207519
1207520
1207521
1207522
1207523
1207524
1207525
1207526
1207527
1207528
1207529
1207530
1207531
1207532
1207533
1207534
1207535
1207536
1207537
1207538
1207539
1207540
1207541
1207542
1207543
1207544
1207545
1208307
1208308
1208309
1208310
1208311
1208312
1208313
1224064
1224176
1224228
1224830
1225264
1226227
1226237
1226289
1226291
1226292
1226293
1226309
1226635
1227153
1228556
1229035
1229140
1229172
1229173
1229175
1229176
1229497
1229519
1230551
1230563
1230924
1231772
1231872
1232334
1233403
1233404
1233405
1233741
1233962
1234160
1234161
1234162
1234163
1234164
1234165
1234166
1234519
1234573
1234589
1235554
1236102
1237214
1237215
1237338
1238101
1238102
1238103
1238170
1238384
1238426
1238627
1239047
1239058
1239059
1239724
1239860
1239861
1240046
1240226
1240227
1240787
1241232
1241616
1241903
1242058
1242300
1242342
1242424
1242724
1242777
1242784
1242987
1244084
1244087
1244287
1244288
1244289
1244290
1244432
1244704
1245414
1247877
1248230
1248231
1248232
1249330
1249791
1249811
1249849
1249898
1250010
1250090
1250379
1250564
1250577
1251424
1252145
1252146
1252158
1254145
1254187
1254879
1255020
1255789
1256671
1257096
1257097
1259259
1259260
1259261
1259264
1259266
1259267
1259272
1259274
1259275
1259276
1259279
1259280
1259281
1259282
1259283
1259284
1259285
1259286
1259289
1259290
1259291
1259297
1259298
1259299
1259300
1259306
1259307
1259323
1262328
1262382
1262389
1262390
1262440
1262459
1262824
1263448
1263519
1263569
1263711
1263712
1264124
1264213
1264668
1264990
1264991
1264992
1264993
1264994
1264995
1265345
1265948
1265949
1265950
1266650
1267088
1267433
1267482
1268718
1268820
1269219
1270681
1270682
1271366
1272286
1272287
1274405
1274406
1274619
1274625
1274626
1275244
1275264
1275297
1276404
1276478
1276785
1277526
1277674
1277927
1278646
1279183
1280442
1280513
1280632
1280664
1280810
1280952
1282019
1282733
1283411
1283611
1284968
1285055
1285088
1285225
1285607
1287414
1288316
1289471
1289539
1290133
1290630
1290961
1291066
1291160
1292248
1292249
1294104
1294106
1294770
1294823
1294824
1295385
1295428
1296166
1296258
1296475
1296817
1296992
1296993
1298541
1299252
1299254
1299255
1299256
1299257
1299258
1299259
1299897
1299980
1300016
1300161
1300274
1300356
1301036
1301037
1301038
1301039
1301048
1301295
1301335
1301336
1301337
1301347
1301602
1301848
1302078
1302464
1303035
1304072
1304744
1305321
1306128
1306129
1306136
1306139
1308359
1309559
1309850
1310152
1312354
1313192
1313509
1313510
1314581
1314699
1315851
1315946
1316154
1316394
1316491
1316795
1316864
1316939
1319070
1319269
1319465
1319497
1319675
1319733
1320298
1320460
1320524
1320604
1322090
1322412
1322606
1322607
1323432
1325021
1325341
1325426
1325585
1325647
1325767
1325884
1326018
1326207
1327226
1327227
1327228
1328643
1328843
1328844
1329012
1329667
1329881
1329892
1329952
1329954
1330023
1331187
1331458
1331459
1331903
1332832
1333055
1333640
1333641
1333980
1335056
1335155
1336550
1338624
1338799
1339702
1339723
1339975
1340009
1340010
1340320
1340321
1340322
1340323
1340324
1340325
1340326
1340516
1342697
1342700
1348785
1349341
1349493
1349528
1349529
1349561
1350327
1350362
1350635
1350636
1351487
1351992
1354511
1354979
1355580
1356804
1357032
1358065
1358649
1361690
1362430
1362431
1363294
1363629
1364484
1364844
1364853
1365774
1366017
1366018
1366273
1366326
1366713
1367401
1367672
1367747
1367884
1367895
1367947
1369150
1369170
1369222
1370176
1370281
1370343
1370522
1370524
1370527
1371982
1372163
1372312
1372979
1373880
1374357
1375778
1375779
1375822
1375887
1376209
1376215
1379329
1379330
1379363
1379786
1380356
1380768
1380799
1381093
1381153
1381250
1381376
1381377
1381474
1381702
1381719
1382275
1382276
1382371
1383119
1384834
1384976
1385168
1385280
1385281
1385295
1385296
1385303
1385814
1386056
1386070
1386071
1386072
1386073
1386243
1386300
1386714
1387009
1387247
1389260
1389805
1389808
1390309
1391265
1392146
1392413
1392457
1392780
1392781
1392861
1393021
1393028
1395002
1396645
1396646
1396647
1397447
1398484
1398607
1398608
1398610
1398611
1399347
1399348
1399477
1399793
1400423
1400435
1400436
1400676
1400781
1403545
1403799
1404037
1405546
1405547
1405548
1407631
1408029
1408030
1408752
1409187
1409487
1409624
1409823
1410631
1411495
1412252
1414153
1414276
1414331
1414692
1414731
1414992
1414993
1414994
1416178
1417080
1417599
1418243
1418283
1418284
1418812
1419025
1419244
1419715
1420313
1420512
1422000
1422978
1423068
1423583
1423584
1423620
1423704
1423808
1423809
1425858
1425869
1426949
1427566
1427567
1429883
1430220
1430276
1430359
1430361
1430661
1430741
1431513
1431514
1432198
1432685
1432836
1432976
1434414
1434713
1435222
1436172
1436328
1436495
1436497
1436703
1436989
1436998
1437181
1437182
1437396
1437402
1437403
1437860
1438032
1438366
1438473
1440089
1440386
1440610
1440611
1442023
1442790
1443945
1444545
1444762
1445022
1445224
1445613
1445968
1446064
1446142
1446406
1447254
1447685
1447687
1447688
1447689
1447783
1447789
1447824
1448017
1448018
1448019
1448135
1448185
1448324
1448555
1448632
1448751
1448752
1448753
1448756
1449116
1449221
1449265
1449824
1449825
1449839
1450194
1451685
1451734
1451888
1453857
1453860
1454258
1454487
1454514
1455030
1455100
1455641
1456844
1457622
1457867
1457951
1457952
1458444
1458666
1459072
1459396
1459876
1459877
1460178
1461644
1462319
1463999
1464570
1464605
1464608
1464609
1464610
1464611
1464612
1464613
1464614
1464615
1464616
1464617
1464618
1464620
1464621
1464622
1464623
1464624
1464654
1464879
1464938
1465202
1465855
1465856
1466428
1466552
1467050
1467359
1467380
1467492
1468012
1468769
1468956
1469880
1471551
1471791
1471910
1471954
1472113
1472379
1472458
1472618
1473110
1473127
1473576
1474829
1474850
1474873
1475024
1475233
1475527
1475617
1475769
1476602
1477426
1477816
1477823
1478219
1478220
1478269
1479328
1480004
1480269
1480270
1480311
1480334
1481043
1481610
1482557
1482671
1482672
1482773
1482788
1482954
1483022
1483023
1483180
1483243
1483327
1483651
1484475
1485379
1485465
1485467
1486453
1486843
1487540
1488526
1488571
1488689
1489034
1489382
1491645
1491646
1491998
1492981
1495037
1495575
1496006
1496007
1496090
1496387
1497191
1497196
1497420
1497502
1497948
1497961
1498494
1500817
1502421
1502458
1502459
1502460
1502461
1503127
1503523
1503834
1504566
1505311
1505312
1505556
1505557
1505828
1508588
1509046
1509107
1509682
1510848
1510977
1512386
1513599
1513855
1514204
1514653
1515800
1515940
1516173
1516393
1516418
1516747
1516989
1517435
1517964
1517965
1517966
1518745
1519545
1520022
1520478
1520536
1524517
1525474
1525659
1526341
1526375
1526376
1527201
1527345
1527694
1528184
1528867
1528908
1529058
1529418
1532824
1532825
1532826
1532827
1532828
1532829
1532830
1532852
1533012
1533013
1533144
1534682
1534683
1534784
1534923
1534963
1535164
1535264
1535316
1535358
1536085
1537012
1541990
1542000
1542060
1542507
1542567
1542568
1542663
1543061
1543722
1544115
1544116
1544117
1544122
1544385
1544636
1545267
1545599
1546084
1547186
1547884
1552315
1553676
1553677
1553991
1555192
1556446
1556457
1556637
1557555
1558009
1558107
1558131
1558548
1558965
1558967
1560011
1560808
1560843
1561756
1561773
1562510
1562539
1562952
1564652
1566215
1567045
1567098
1568151
1568195
1569334
1569461
1569753
1569754
1571851
1571952
1572115
1572140
1572231
1572330
1572870
1572877
1572878
1573139
1574098
1574141
1574218
1574360
1574875
1574880
1574881
1574946
1574947
1575008
1575009
1575010
1575061
1575257
1576397
1576398
1576766
1576767
1576875
1576876
1576939
1576947
1577158
1577853
1579028
1579059
1579696
1579697
1579806
1582184
1582363
1582597
1583018
1583040
1583041
1583042
1583043
1583044
1583045
1584613
1584866
1584889
1585133
1585396
1586243
1586285
1586662
1586919
1587249
1587913
1589555
1589576
1589597
1590280
1590281
1592198
1593267
1593319
1593777
1593866
1594149
1594166
1594450
1594946
1595355
1595841
1595980
1596628
1596975
1597403
1597587
1597588
1598247
1598932
1600581
1601292
1602468
1604054
1604756
1605508
1606570
1606770
1607060
1607509
1607580
1607604
1607821
1608018
1609756
1611172
1611596
1611670
1613034
1613105
1613934
1614075
1614331
1614408
1614467
1614613
1614697
1614711
1614910
1615281
1615310
1616326
1616623
1616982
1621534
1624462
1625033
1626325
1626504
1627259
1627319
1627526
1627529
1627679
1627867
1627916
1628718
1628827
1629352
1629415
1629471
1629832
1629993
1630253
1630995
1631021
1631022
1631023
1631105
1631629
1631843
1631914
1631961
1632307
1632704
1632884
1633035
1633037
1633048
1633517
1634102
1635529
1635722
1635856
1636099
1636126
1637370
1637371
1638385
1638681
1638948
1638949
1638950
1639008
1646410
1647842
1648122
1648175
1648569
1648570
1648718
1648792
1648799
1648917
1649008
1649108
1649390
1649433
1649666
1650508
1650509
1650519
1650624
1651146
1651154
1651171
1651189
1652308
1652476
1652739
1652845
1652846
1652933
1653644
1654375
1654722
1655459
1655556
1656034
1656097
1656104
1656270
1656843
1656844
1656955
1657027
1658094
1658111
1658491
1658508
1658561
1658580
1658726
1658756
1659017
1659018
1659025
1659272
1660066
1660067
1660716
1661295
1661519
1661673
1661858
1661910
1661911
1662961
1662981
1662982
1662983
1662995
1663380
1663487
1663541
1663622
1664520
1665144
1665343
1665349
1666963
1667324
1668758
1668874
1669511
1671200
1672392
1673115
1673534
1674305
1674460
1674547
1674801
1674816
1675008
1675097
1675438
1676176
1676283
1676710
1677156
1677316
1677681
1677683
1678428
1678654
1678655
1678682
1680860
1680862
1681025
1681372
1681486
1681545
1681772
1681774
1681956
1682270
1682472
1682559
1682580
1682811
1683422
1683494
1683593
1683772
1683887
1684425
1684426
1684548
1684711
1684720
1685056
1685112
1685153
1685169
1685194
1685328
1685361
1685971
1685972
1686134
1686379
1686395
1686539
1686575
1686970
1688639
1688742
1689617
1690396
1690418
1692836
1693307
1694006
1694494
1694611
1694671
1695652
1695653
1695692
1695953
1696239
1696331
1696409
1696671
1696697
1696776
1696936
1697021
1697080
1698331
1698695
1698716
1698728
1699464
1699562
1700598
1700857
1701147
1701187
1701439
1701500
1701535
1701672
1701800
1701815
1702156
1702292
1702301
1702302
1702303
1702389
1704131
1704146
1704347
1704724
1707653
1707704
1707832
1709044
1709083
1709133
1709665
1709869
1710077
1710289
1711487
1712062
1712184
1713442
1714087
1714510
1714781
1715885
1716345
1717020
1717021
1717022
1717844
1718521
1719036
1719428
1719430
1719440
1719446
1719668
1721076
1721561
1722397
1723106
1723617
1723736
1723738
1723741
1724135
1724387
1725082
1725728
1726227
1726269
1726411
1726775
1727300
1727964
1728962
1728963
1728964
1728965
1728966
1728967
1728979
1728980
1728981
1728982
1729574
1729694
1729695
1729991
1729992
1730216
1730389
1731831
1731913
1733194
1733546
1733951
1734600
1734715
1734730
1734886
1735028
1737424
1738176
1738493
1738494
1738495
1738496
1739148
1739209
1742075
1742739
1743139
1743573
1743722
1743988
1744009
1744247
1744492
1749227
1749228
1749229
1749230
1749725
1749778
1750177
1750820
1750821
1750822
1750823
1750825
1750878
1751622
1751737
1752037
1752047
1752144
1752145
1752146
1752147
1752168
1752169
1753211
1753221
1753808
1754306
1754472
1756749
1758216
1758292
1758848
1759209
1759478
1760004
1760074
1761319
1761824
1762063
1762177
1763035
1763036
1763037
1763455
1763456
1763457
1764458
1764827
1765808
1765809
1765810
1766230
1766234
1766472
1766540
1766994
1766995
1767487
1767776
1767886
1768162
1768434
1768435
1768509
1768647
1768987
1769318
1769621
1770299
1770735
1771320
1771403
1771404
1771975
1772101
1772315
1772929
1772930
1773473
1773705
1774020
1774323
1774593
1774785
1774936
1774937
1774994
1775170
1775194
1775196
1775618
1775819
1775987
1776357
1776555
1776556
1777077
1777487
1777527
1778106
1779433
1779702
1779771
1779773
1779774
1779804
1780059
1780131
1780283
1780430
1780471
1780537
1780915
1781890
1781903
1781908
1782142
1782385
1782458
1782607
1783482
1783484
1783485
1783513
1783522
1783523
1783836
1783859
1784574
1784780
1785166
1785167
1785313
1785314
1785402
1785403
1785702
1785762
1786689
1787189
1787708
1787853
1787900
1788314
1788390
1788758
1789867
1790063
1790496
1790568
1790616
1794503
1794724
1795135
1795176
1795320
1795617
1795619
1795620
1795739
1795861
1796010
1796073
1796313
1796409
1796444
1796457
1796519
1796640
1796994
1797718
1797835
1797863
1798055
1798317
1798356
1798395
1798397
1798399
1798405
1798406
1798745
1798757
1798801
1798955
1799050
1799051
1799055
1799056
1799103
1799209
1800955
1800972
1801420
1801846
1802183
1802495
1802549
1802565
1802665
1803122
1803302
1803315
1803407
1803423
1803505
1803512
1803519
1803592
1803657
1803730
1803781
1803831
1803874
1804025
1804220
1804221
1804259
1804287
1804306
1804309
1804466
1804567
1804703
1804757
1804778
1804805
1804886
1804901
1804954
1805037
1805124
1805686
1805717
1805938
1806055
1806370
1806486
1806530
1806552
1806914
1807364
1807533
1807534
1807819
1808166
1809405
1809560
1809880
1810457
1810646
1810780
1810871
1811104
1811360
1811749
1811796
1811863
1812072
1812114
1812170
1812171
1812172
1812275
1812744
1813090
1813280
1813281
1813464
1813465
1813488
1813742
1813819
1813820
1813901
1813902
1814125
1814185
1814458
1814661
1814662
1814663
1815085
1815196
1815426
1815561
1815584
1815587
1815901
1816033
1816586
1816594
1817059
1817295
1817354
1818131
1818188
1818439
1818602
1819045
1819108
1819115
1819439
1819741
1819746
1819832
1820077
1820118
1820572
1820686
1820884
1821060
1821061
1821449
1822924
1822945
1823391
1823400
1823835
1823946
1824541
1824585
1824914
1825020
1825994
1826051
1826095
1826133
1826265
1826284
1826575
1826820
1827342
1827373
1827777
1827936
1827987
1828449
1828450
1830251
1830342
1830343
1830708
1830735
1831742
1831836
1831915
1832389
1832390
1833983
1834544
1834660
1834715
1846449
1846468
1846915
1846916
1846917
1847605
1847608
1848747
1849288
1849467
1849469
1849504
1849708
1850039
1850239
1850932
1851061
1851232
1851546
1851683
1851743
1852584
1853276
1854570
1855903
1855904
1857079
1857458
1857593
1857712
1857954
1859205
1859517
1860942
1861206
1861722
1861769
1861995
1862199
1862594
1864034
1864165
1864645
1865175
1866481
1866540
1866543
1866544
1867474
1868419
1869953
1870223
1870224
1870546
1871524
1872347
1874016
1874017
1874336
1874390
1874445
1874497
1874515
1874516
1874549
1874614
1874796
1874963
1874964
1875020
1875112
1875724
1875807
1877119
1877525
1877560
1877562
1877576
1877664
1877946
1877947
1877955
1878138
1878168
1878251
1878252
1878549
1879765
1880252
1880375
1880381
1880387
1880840
1880862
1881018
1881062
1881206
1881257
1881324
1883685
1883718
1883725
1883824
1883866
1884536
1884537
1885539
1885750
1886116
1886145
1886657
1886848
1886885
1886989
1888393
1888664
1888665
1889813
1889814
1890000
1890001
1890573
1891110
1891557
1891561
1891649
1891935
1892332
1892387
1892475
1892577
1892779
1892946
1893164
1893642
1893960
1894677
1894761
1895771
1897632
1897943
1898135
1898235
1898699
1898700
1898737
1899020
1899373
1899620
1900059
1900060
1900641
1900850
1900864
1900870
1901694
1901933
1902950
1903151
1903464
1903775
1903824
1903825
1903937
1904638
1904815
1905673
1905839
1906292
1906293
1906634
1906751
1906752
1906813
1906834
1907521
1907607
1908586
1908974
1909444
1909511
1910242
1910243
1910365
1910750
1911195
1911590
1911843
1911933
1912094
1912277
1914276
1915901
1916034
1917117
1918019
1918300
1918301
1918437
1918555
1918632
1919120
1919170
1919242
1919291
1919309
1919415
1919422
1919430
1919569
1919613
1919702
1919714
1919756
1919773
1919784
1919846
1919852
1919919
1919951
1920125
1920336
1920542
1920737
1920882
1920883
1921280
1921740
1921960
1922680
1922710
1922713
1922876
1923025
1923048
1923310
1925224
1925773
1929562
1931045
1931046
1932885
1933271
1933487
1934527
1934742
1934808
1935119
1935775
1936218
1936532
1936535
1938986
1939540
1943571
1943610
1943611
1943728
1944371
1944375
1945959
1945960
1947357
1947871
1947988
1948704
1949051
1949507
1949950
1949951
1950252
1951302
1951520
1951938
1952001
1952898
1953219
1953220
1953223
1953242
1954224
1954358
1955044
1955049
1955441
1955447
1956115
1956120
1956121
1956122
1956123
1956329
1957495
1957507
1960056
1960127
1961267
1961571
1961785
1962050
1962094
1962125
1962190
1962236
1962335
1962384
1962569
1963061
1963151
1963455
1963465
1963612
1963706
1963786
1963809
1963906
1963921
1964020
1964028
1964031
1964032
1964036
1964037
1964059
1964304
1964529
1964636
1964757
1964940
1966152
1966226
1966763
1967552
1967558
1967830
1968013
1968423
1968795
1970370
1970371
1971475
1971502
1971555
1972129
1972700
1973136
1974341
1975482
1976002
1976090
1976239
1977732
1977855
1978084
1978102
1978103
1978418
1978419
1979781
1981316
1981317
1982037
1982137
1982222
1982372
1982752
1982909
1983040
1984285
1984471
1984684
1985575
1985734
1985741
1986531
1987009
1988431
1989499
1990343
1990565
1990806
1990807
1990808
1990809
1991165
1991166
1991167
1993093
1993678
1994055
1994542
1994741
1997041
1997227
1998037
1998038
1998288
1998683
1999490
1999533
2000782
2001159
2001160
2001161
2001999
2002927
2002928
2003128
2003344
2004085
2004457
2004458
2004522
2004523
2004524
2005762
2005765
2006826
2008004
2008604
2010169
2010193
2011275
2011486
2011583
2011615
2011926
2011999
2012140
2012535
2012904
2013359
2014244
2014245
2014494
2014786
2014819
2014820
2015391
2015410
2016381
2016482
2019349
2019350
2019352
2020135
2020467
2020471
2020529
2020869
2021122
2021547
2021646
2021831
2021832
2021833
2021870
2022714
2022769
2023038
2023234
2023355
2023356
2023357
2024332
2025171
2025175
2025376
2026708
2027026
2027027
2027028
2027029
2027030
2027459
2027551
2027623
2029897
2030018
2030074
2030419
2030679
2032552
2033161
2033500
2033920
2034205
2034206
2034207
2034777
2036664
2036734
2037966
2038125
2038126
2038127
2038677
2038924
2038941
2038942
2039320
2039466
2041454
2042889
2051729
2051783
2052327
2053851
2053901
2054082
2055442
2056230
2056807
2061007
2202525
2202599
2202600
