276547
277228
277754
281076
281745
282220
286513
286514
286515
286516
287535
289170
290345
290353
290687
290796
290900
290939
290940
290941
290942
290945
290946
290947
291310
291370
292043
292930
295459
297413
298318
298332
298720
298811
299447
300523
301153
301188
301331
301336
301720
304313
304324
304454
304827
306201
306233
306258
306273
306458
306621
306625
306849
306850
307052
307071
307536
307664
307666
308662
309312
309315
309316
309320
309321
309341
309414
309418
310072
310716
310729
310730
310957
312751
313738
313739
313990
314388
314415
314606
314615
314733
314971
315015
315056
315057
315245
315283
315795
316721
316980
317236
317671
317758
318032
318068
318069
319849
320553
320820
321146
321537
322064
323234
325931
329339
329456
329457
329458
329459
329460
329461
329462
329463
329464
329465
329479
329480
329489
329847
331178
331236
331530
331531
331634
331750
339351
339818
340178
340531
340981
342577
342822
343408
343543
343803
344190
345087
345125
345226
345370
345392
346849
347099
347669
347728
348433
348686
348756
349583
