1207482
1207483
1207484
1207485
1207486
1207488
1207489
1207492
1207493
1207494
1207495
1207496
1207497
1207498
1207499
1207501
1207502
1207504
1207505
1207506
1207507
1207508
1207509
1207510
1207511
1207512
1207513
1207514
1207515
1207516
1207517
1207518
1207519
1207520
1207521
1207522
1207523
1207524
1207525
1207526
1207527
1207528
1207529
1207530
1207531
1207532
1207533
1207534
1207535
1207536
1207537
1207538
1207539
1207540
1207541
1207542
1207543
1207544
1207545
1208307
1208308
1208309
1208310
1208311
1208312
1208313
1224064
1224176
1224228
1224826
1224828
1224830
1225264
1226227
1226237
1226289
1226291
1226292
1226293
1226309
1226635
1227153
1228556
1229035
1229140
1229172
1229173
1229175
1229176
1229497
1229519
1230551
1230563
1230924
1231772
1231872
1232334
1233403
1233404
1233405
1233741
1233962
1234160
1234161
1234162
1234163
1234164
1234165
1234166
1234519
1234573
1234589
1235554
1236102
1237214
1237215
1237338
1238101
1238102
1238103
1238170
1238384
1238426
1238627
1239047
1239058
1239059
1239724
1239860
1239861
1240046
1240226
1240227
1240787
1241232
1241616
1241903
1242058
1242300
1242342
1242424
1242724
1242777
1242784
1242987
1244084
1244087
1244287
1244288
1244289
