630422
630456
630540
630543
630603
630848
631093
631099
631806
631960
631981
632191
632202
632203
632537
632924
633602
635218
635678
635679
635761
635826
635827
636016
636896
637412
637413
637931
638040
638501
638615
638763
638785
638786
639743
639863
639938
640242
640529
640942
641365
642796
643119
643241
643569
643652
643880
643903
643904
644950
644951
645181
645182
645343
645344
645429
645430
645431
645528
645645
645676
645686
645687
645729
646383
646415
646416
646607
646787
646832
647028
647216
647504
647737
648796
648808
649054
649498
649499
649500
649501
649502
650405
650570
650621
650767
651810
651811
652075
653327
653753
654271
654921
654922
654923
655063
655064
655065
655414
655648
655675
655820
656093
656119
656293
657029
657075
657426
657427
657513
657518
657519
657520
657748
658008
658036
658206
658279
658280
658284
658289
658900
659321
659443
659542
659751
660348
661111
661253
661264
661281
661360
661410
661532
661982
661983
662179
662558
662868
662869
662936
663005
663079
663156
663264
663408
663505
664213
664214
664666
