442860
442935
442936
442937
442938
442939
442940
442941
442942
443869
444476
445617
445755
446242
446243
446244
446245
446246
446247
446248
446493
446681
446727
446913
447364
447412
447567
447709
447976
448105
448536
448775
448776
449156
449171
449172
450692
450693
450782
454881
455216
455253
455296
455318
455850
457149
457151
457785
458139
458246
458402
458414
458423
459350
460142
460143
460144
460145
460744
460836
460837
461102
461127
461128
462480
462714
462715
463397
463495
463496
463643
464780
464972
465468
465946
466530
469547
470292
470745
471147
471149
471713
472042
472043
472103
472859
472890
473159
473433
473434
473495
473499
473577
473764
473769
473817
474068
474069
474302
474303
474474
474475
474893
475313
475314
476173
476377
476380
476475
476603
476604
476784
478189
478554
478555
478836
479234
479237
479238
479239
479240
479935
479939
480366
480400
480582
481317
481318
481334
481339
481473
482035
482096
482315
482327
482328
482329
482417
483027
483281
483282
483283
483328
483431
483458
483775
483839
483969
484007
484074
