1474873
1475024
1475233
1475527
1475617
1475769
1476602
1477426
1477816
1477823
1478219
1478220
1478269
1479328
1480004
1480269
1480270
1480311
1480334
1481043
1481610
1482557
1482671
1482672
1482773
1482788
1482954
1483022
1483023
1483180
1483243
1483327
1483651
1484475
1485379
1485465
1485467
1486453
1486843
1487540
1488526
1488571
1488689
1489034
1489382
1491645
1491646
1491998
1492981
1495037
1495575
1496006
1496007
1496090
1496387
1497191
1497196
1497420
1497502
1497948
1497961
1498494
1500817
1502421
1502458
1502459
1502460
1502461
1503127
1503523
1503834
1504566
1505311
1505312
1505556
1505557
1505828
1508588
1509046
1509107
1509682
1510848
1510977
1512386
1513599
1513855
1514204
1514653
1515800
1515940
1516173
1516393
1516418
1516747
1516989
1517435
1517964
1517965
1517966
1518745
1519545
1520022
1520478
1520536
1524517
1525474
1525659
1526341
1526375
1526376
1527201
1527345
1527694
1528184
1528867
1528908
1529058
1529418
1532824
1532825
1532826
1532827
1532828
1532829
1532830
1532852
1533012
1533013
1533144
1534682
1534683
1534784
1534923
1534963
1535164
1535264
1535316
1535358
1536085
1537012
1541990
1542000
1542060
1542507
1542567
1542568
1542663
1543061
1543722
1544115
