1244290
1244432
1244704
1245414
1247877
1248230
1248231
1248232
1249330
1249791
1249811
1249849
1249898
1250010
1250090
1250379
1250564
1250577
1251424
1252145
1252146
1252158
1254145
1254187
1254879
1255020
1255789
1256671
1257096
1257097
1259259
1259260
1259261
1259264
1259266
1259267
1259272
1259274
1259275
1259276
1259279
1259280
1259281
1259282
1259283
1259284
1259285
1259286
1259289
1259290
1259291
1259297
1259298
1259299
1259300
1259306
1259307
1259323
1262328
1262382
1262389
1262390
1262440
1262459
1262824
1263448
1263519
1263569
1263711
1263712
1264124
1264213
1264668
1264990
1264991
1264992
1264993
1264994
1264995
1265345
1265948
1265949
1265950
1266650
1267088
1267433
1267482
1268718
1268820
1269219
1270681
1270682
1271366
1272286
1272287
1274405
1274406
1274619
1274625
1274626
1275244
1275264
1275297
1276404
1276478
1276785
1277526
1277674
1277927
1278646
1279183
1280442
1280513
1280632
1280664
1280810
1280952
1282019
1282733
1283411
1283611
1284968
1285055
1285088
1285225
1285607
1287414
1288316
1289471
1289539
1290133
1290630
1290961
1291066
1291160
1292248
1292249
1294104
1294106
1294770
1294823
1294824
1295385
1295428
1296166
1296258
1296475
1296817
1296992
1296993
