1118617
1118733
1118734
1118773
1118774
1118988
1118993
1119444
1119812
1120135
1120174
1120245
1120520
1120671
1120876
1121160
1121381
1122341
1122968
1122979
1124769
1124870
1125304
1125876
1125975
1126070
1127894
1127895
1128134
1128347
1129743
1129748
1129749
1130084
1137869
1138075
1138280
1138338
1138556
1138983
1138984
1139038
1139378
1139608
1139994
1140432
1141196
1141215
1141278
1142105
1142681
1142682
1142683
1142684
1142685
1142686
1143207
1143214
1151152
1151153
1151417
1151487
1152002
1152151
1152152
1152153
1152154
1152646
1152671
1152762
1152986
1153949
1154338
1154556
1154732
1154955
1155144
1155230
1155425
1156279
1157334
1159506
1159578
1160371
1160462
1160872
1160990
1161204
1161222
1161502
1161915
1161916
1162366
1162491
1162881
1163532
1163536
1163781
1164240
1164258
1164981
1165366
1166258
1167109
1167784
1167930
1167931
1169055
1169150
1169199
1169884
1169885
1169886
1169887
1169971
1170210
1170523
1170764
1170929
1171457
1171458
1171459
1171521
1171701
1171748
1172885
1173535
1173536
1173803
1173804
1175063
1175767
1175768
1176065
1176066
1176681
1176682
1176704
1177175
1177271
1177858
1178430
1178498
1178837
1178838
1179970
1180060
1180241
1181455
1182369
