1366018
1366273
1366326
1366713
1367401
1367672
1367747
1367884
1367895
1367947
1369150
1369170
1369222
1370176
1370281
1370343
1370522
1370524
1370527
1371982
1372163
1372312
1372979
1373880
1374357
1375778
1375779
1375822
1375887
1376209
1376215
1379329
1379330
1379363
1379786
1380356
1380768
1380799
1381093
1381153
1381250
1381376
1381377
1381474
1381702
1381719
1382275
1382276
1382371
1383119
1384834
1384976
1385168
1385280
1385281
1385295
1385296
1385303
1385814
1386056
1386070
1386071
1386072
1386073
1386243
1386300
1386714
1387009
1387247
1389260
1389805
1389808
1390309
1391265
1392146
1392413
1392457
1392780
1392781
1392861
1393021
1393028
1395002
1396645
1396646
1396647
1397447
1398484
1398607
1398608
1398610
1398611
1399347
1399348
1399477
1399793
1400423
1400435
1400436
1400676
1400781
1403545
1403799
1404037
1405546
1405547
1405548
1407631
1408029
1408030
1408752
1409187
1409487
1409624
1409823
1410631
1411495
1412252
1414153
1414276
1414331
1414692
1414731
1414992
1414993
1414994
1416178
1417080
1417599
1418243
1418283
1418284
1418812
1419025
1419244
1419715
1420313
1420512
1422000
1422978
1423068
1423583
1423584
1423620
1423704
1423808
1423809
1425858
1425869
1426949
