1811360
1811749
1811796
1811863
1812072
1812114
1812170
1812171
1812172
1812275
1812744
1813090
1813280
1813281
1813464
1813465
1813488
1813742
1813819
1813820
1813901
1813902
1814125
1814185
1814458
1814661
1814662
1814663
1815085
1815196
1815426
1815561
1815584
1815587
1815901
1816033
1816586
1816594
1817059
1817295
1817354
1818131
1818188
1818439
1818602
1819045
1819108
1819115
1819439
1819741
1819746
1819832
1820077
1820118
1820572
1820686
1820884
1821060
1821061
1821449
1822924
1822945
1823391
1823400
1823835
1823946
1824541
1824585
1824914
1825020
1825994
1826051
1826095
1826133
1826265
1826284
1826575
1826820
1827342
1827373
1827777
1827936
1827987
1828449
1828450
1830251
1830342
1830343
1830708
1830735
1831742
1831836
1831915
1832389
1832390
1833983
1834544
1834660
1834715
1846449
1846468
1846915
1846916
1846917
1847605
1847608
1848747
1849288
1849467
1849469
1849504
1849708
1850039
1850239
1850932
1851061
1851232
1851546
1851683
1851743
1852584
1853276
1854570
1855903
1855904
1857079
1857458
1857593
1857712
1857954
1859205
1859517
1860942
1861206
1861722
1861769
1861995
1862199
1862594
1864034
1864165
1864645
1865175
1866481
1866540
1866543
1866544
1867474
1868419
1869953
