590924
591072
591177
591518
592565
592566
593389
593391
593392
593393
593399
593995
594000
594655
594739
594898
594906
594934
595009
595550
596041
596622
596792
597708
597834
597835
598079
598454
598622
598788
598802
598803
598804
599073
599425
599638
599641
599944
600277
600345
600975
601563
603394
603404
604247
605025
605026
605441
605600
605793
605886
605922
606298
607133
607278
607577
608092
609031
609389
609491
609493
609526
610029
610054
611013
611281
611725
612082
612526
612527
612528
612635
612636
612637
612638
612639
612640
612641
612642
612643
613000
613209
613224
613225
613226
613227
613228
613296
613297
613300
613320
613341
613342
613343
613344
613623
614457
616520
616608
616609
616634
616656
616657
616834
617440
617885
618138
618639
618733
618734
618783
618814
619916
620495
620496
620582
620612
620871
621005
621206
621388
622498
622689
622738
622869
622899
622900
622979
622980
622992
622993
622994
622995
622996
623748
624099
624355
624406
625346
625468
626611
626612
626939
627472
627473
628652
628653
629377
630153
630154
