1674816
1675008
1675097
1675438
1676176
1676283
1676710
1677156
1677316
1677681
1677683
1678428
1678654
1678655
1678682
1680860
1680862
1681025
1681372
1681486
1681545
1681772
1681774
1681956
1682270
1682472
1682559
1682580
1682811
1683422
1683494
1683593
1683772
1683887
1684425
1684426
1684548
1684711
1684720
1685056
1685112
1685153
1685169
1685194
1685328
1685361
1685971
1685972
1686134
1686379
1686395
1686539
1686575
1686970
1688639
1688742
1689617
1690396
1690418
1692836
1693307
1694006
1694494
1694611
1694671
1695652
1695653
1695692
1695953
1696239
1696331
1696409
1696671
1696697
1696776
1696936
1697021
1697080
1698331
1698695
1698716
1698728
1699464
1699562
1700598
1700857
1701147
1701187
1701439
1701500
1701535
1701672
1701800
1701815
1702156
1702292
1702301
1702302
1702303
1702389
1704131
1704146
1704347
1704724
1707653
1707704
1707832
1709044
1709083
1709133
1709665
1709869
1710077
1710289
1711487
1712062
1712184
1713442
1714087
1714510
1714781
1715885
1716345
1717020
1717021
1717022
1717844
1718521
1719036
1719428
1719430
1719440
1719446
1719668
1721076
1721561
1722397
1723106
1723617
1723736
1723738
1723741
1724135
1724387
1725082
1725728
1726227
1726269
1726411
1726775
