1182750
1183449
1183471
1183594
1183947
1184125
1184346
1184745
1184746
1184753
1184754
1184774
1184775
1184776
1184777
1184937
1185048
1185122
1185142
1186235
1186275
1186653
1187424
1187425
1187772
1187869
1187870
1188329
1188337
1188813
1189111
1189552
1190469
1190470
1190777
1190797
1190849
1190884
1191043
1191084
1191930
1192645
1193064
1193310
1193316
1193564
1193577
1193578
1193718
1194940
1195800
1195801
1195959
1196316
1196322
1196598
1196927
1197209
1197329
1197568
1198305
1199544
1199577
1199626
1199645
1199646
1199647
1199648
1199693
1199750
1199765
1199766
1199767
1199768
1199769
1200085
1200271
1200526
1200535
1201941
1202709
1202799
1202994
1203180
1203527
1204044
1204682
1204683
1204688
1204691
1205564
1206336
1207205
1207206
1207207
1207208
1207209
1207210
1207211
1207212
1207213
1207214
1207215
1207216
1207217
1207218
1207219
1207220
1207221
1207222
1207223
1207224
1207225
1207226
1207227
1207228
1207229
1207230
1207231
1207232
1207233
1207234
1207235
1207452
1207453
1207454
1207455
1207456
1207457
1207459
1207460
1207461
1207462
1207464
1207465
1207467
1207468
1207469
1207470
1207471
1207472
1207473
1207474
1207475
1207476
1207477
1207478
1207479
1207480
1207481
