1427566
1427567
1429883
1430220
1430276
1430359
1430361
1430661
1430741
1431513
1431514
1432198
1432685
1432836
1432976
1434414
1434713
1435222
1436172
1436328
1436495
1436497
1436703
1436989
1436998
1437181
1437182
1437396
1437402
1437403
1437860
1438032
1438366
1438473
1440089
1440386
1440610
1440611
1442023
1442790
1443945
1444545
1444762
1445022
1445224
1445613
1445968
1446064
1446142
1446406
1447254
1447685
1447687
1447688
1447689
1447783
1447789
1447824
1448017
1448018
1448019
1448135
1448185
1448324
1448555
1448632
1448751
1448752
1448753
1448756
1449116
1449221
1449265
1449824
1449825
1449839
1450194
1451685
1451734
1451888
1453857
1453860
1454258
1454487
1454514
1455030
1455100
1455641
1456844
1457622
1457867
1457951
1457952
1458444
1458666
1459072
1459396
1459876
1459877
1460178
1461644
1462319
1463999
1464570
1464605
1464608
1464609
1464610
1464611
1464612
1464613
1464614
1464615
1464616
1464617
1464618
1464620
1464621
1464622
1464623
1464624
1464654
1464879
1464938
1465202
1465855
1465856
1466428
1466552
1467050
1467359
1467380
1467492
1468012
1468769
1468956
1469880
1471551
1471791
1471910
1471954
1472113
1472379
1472458
1472618
1473110
1473127
1473576
1474829
1474850
