349864
350623
350624
350745
351303
351476
351491
351497
351498
351698
351699
351800
351804
352458
353188
353217
353227
353589
353698
361849
362495
364189
364388
364990
365101
365489
365512
366005
366579
366778
367343
367662
367670
368347
370679
371274
371796
372009
375083
375670
386536
386576
386716
387486
387653
388712
389213
390192
390817
391008
391333
391465
391814
392051
392648
392721
392868
393055
393056
393554
393556
393558
393559
393560
393579
393713
394987
395487
396203
397235
397743
397744
397745
406751
408046
408340
408936
408937
410146
410249
410338
410885
411331
411421
411894
411918
412219
412690
412725
415042
416801
417941
418234
419028
419635
420668
420903
421251
421590
422442
422443
422445
423865
426180
426359
426881
427348
427500
427859
428005
428008
428195
428481
428483
428534
428669
429114
429171
429455
429506
430252
430257
430585
430861
430902
431147
431329
431642
431670
431707
431907
432351
432952
432953
434233
436620
436621
438779
440230
440235
440236
440237
440280
440396
440649
440871
441139
441874
442234
442858
