665319
665430
665778
665885
665925
665998
666020
666426
666920
667313
667332
667666
668730
669442
669556
669574
669609
670368
670918
670931
671376
671377
671832
671848
672167
672177
672212
672813
672815
673130
673765
674364
676083
676772
676860
676873
677048
677591
677780
677820
677946
678694
678698
682685
682783
683153
684385
684475
684972
685025
687135
687269
688695
688714
688753
688937
689014
689138
689418
689419
689420
689709
690155
690404
690409
691015
691967
692273
692299
692404
692805
693740
695231
695324
695344
695345
695450
695451
695624
695627
696096
696298
696465
696579
696862
696863
697280
697281
697354
697413
697510
697602
697610
697811
698006
698234
698291
700025
700034
700158
700938
701158
701274
701280
701281
701475
701650
701697
701698
702204
702509
702578
702596
704603
704632
704906
704946
705060
705268
705526
706363
706535
707147
707210
707293
707295
707298
707889
707942
708047
708065
708278
708861
709021
709159
709376
709619
709620
709765
709981
710345
710438
710758
710762
711284
711453
711455
711564
711643
711980
