1298541
1299252
1299254
1299255
1299256
1299257
1299258
1299259
1299897
1299980
1300016
1300161
1300274
1300356
1301036
1301037
1301038
1301039
1301048
1301295
1301335
1301336
1301337
1301347
1301602
1301848
1302078
1302464
1303035
1304072
1304744
1305321
1306128
1306129
1306136
1306139
1308359
1309559
1309850
1310152
1312354
1313192
1313509
1313510
1314581
1314699
1315851
1315946
1316154
1316394
1316491
1316795
1316864
1316939
1319070
1319269
1319465
1319497
1319675
1319733
1320298
1320460
1320524
1320604
1322090
1322412
1322606
1322607
1323432
1325021
1325341
1325426
1325585
1325647
1325767
1325884
1326018
1326207
1327226
1327227
1327228
1328643
1328843
1328844
1329012
1329667
1329881
1329892
1329952
1329954
1330023
1331187
1331458
1331459
1331903
1332832
1333055
1333640
1333641
1333980
1335056
1335155
1336550
1338624
1338799
1339702
1339723
1339975
1340009
1340010
1340320
1340321
1340322
1340323
1340324
1340325
1340326
1340516
1342697
1342700
1346735
1348785
1349341
1349493
1349528
1349529
1349561
1350327
1350362
1350635
1350636
1351487
1351992
1354511
1354979
1355580
1356804
1357032
1358065
1358649
1361690
1362430
1362431
1363294
1363629
1364484
1364844
1364853
1365774
1366017
