1976239
1977732
1977855
1978084
1978102
1978103
1978418
1978419
1979781
1981316
1981317
1982037
1982137
1982222
1982372
1982752
1982909
1983040
1984285
1984471
1984684
1985575
1985734
1985741
1986531
1987009
1988431
1989499
1990343
1990565
1990806
1990807
1990808
1990809
1991165
1991166
1991167
1993093
1993678
1994055
1994542
1994741
1997041
1997227
1998037
1998038
1998288
1998683
1999490
1999533
2000782
2001159
2001160
2001161
2001999
2002927
2002928
2003128
2003344
2004085
2004457
2004458
2004522
2004523
2004524
2005762
2005765
2006826
2008004
2008604
2010169
2010193
2011275
2011486
2011583
2011615
2011926
2011999
2012140
2012535
2012904
2013359
2014244
2014245
2014494
2014786
2014819
2014820
2015391
2015410
2016381
2016482
2019349
2019350
2019352
2020135
2020467
2020471
2020529
2020869
2021122
2021547
2021646
2021831
2021832
2021833
2021870
2022714
2022769
2023038
2023234
2023355
2023356
2023357
2024332
2025171
2025175
2025376
2026708
2027026
2027027
2027028
2027029
2027030
2027459
2027551
2027623
2029897
2030018
2030074
2030419
2030679
2032552
2033161
2033500
2033920
2034205
2034206
2034207
2034777
2036664
2036734
2037966
2038125
2038126
2038127
2038677
2038924
2038941
2038942
