711981
712051
712578
712579
712828
714114
715041
715045
715615
715616
715617
716952
716955
717587
717633
717752
718451
718453
718591
719146
719482
719507
719551
719552
719553
719971
719972
719973
719974
719975
719976
719977
719978
719979
719980
719981
719984
719987
719988
719989
719990
720000
720001
720544
720551
720553
720703
720919
721162
721414
723321
723326
724021
724066
724232
724625
724966
724967
725474
726005
726192
726260
726578
727072
727356
727704
728108
728149
728150
728371
728423
728451
728452
728453
728454
728512
728906
728907
729126
729202
729204
729459
729463
729488
730341
730586
730774
730775
731174
731362
731377
732412
732903
732970
733228
733407
733457
734321
734330
734492
735262
735571
735745
735869
737175
738050
738101
738426
738934
740257
743088
743121
743454
744788
745212
745833
746016
746321
746322
746323
746324
746325
746622
746999
747277
747641
748396
748642
748964
749118
749889
749890
749891
750406
750648
751654
751719
752119
752273
752388
752389
752391
752670
753159
753160
753361
753365
753565
753621
754101
