754102
754103
754748
754749
755579
755593
755684
755685
755686
755687
755688
755689
755690
757895
758033
758035
758046
758085
758780
758868
758969
758970
758971
759562
759873
760590
761132
761133
761135
761323
761854
761903
762038
762481
762667
764501
764776
764806
764854
764992
765001
765896
765991
767017
767018
767026
767806
767819
767820
768774
769910
770062
770619
770678
770679
771379
772125
772511
772521
775199
775441
776051
776053
776346
777416
778685
779580
779746
779843
780088
780091
780120
780345
781004
781005
781006
781014
781118
1053208
1054122
1054494
1054495
1055044
1055128
1056279
1056299
1056307
1056676
1057473
1058736
1058737
1058738
1058739
1058740
1059260
1059482
1059535
1059569
1059876
1060188
1060244
1060245
1060246
1060378
1061714
1062505
1062959
1063137
1063528
1064463
1065058
1065489
1067006
1067438
1067586
1067640
1067643
1069025
1069082
1069449
1069961
1070170
1070999
1071021
1071543
1071790
1071970
1072029
1072044
1072866
1072939
1073798
1073825
1074010
1074264
1074317
1074800
1075054
1076007
1076191
1077265
1077747
1113413
1117269
1117281
1117357
1118300
1118301
1118336
1118607
