1614408
1614467
1614613
1614697
1614711
1614910
1615281
1615310
1616326
1616623
1616982
1621534
1624462
1625033
1626325
1626504
1627259
1627319
1627526
1627529
1627679
1627867
1627916
1628718
1628827
1629352
1629415
1629471
1629832
1629993
1630253
1630995
1631021
1631022
1631023
1631105
1631629
1631843
1631914
1631961
1632307
1632704
1632884
1633035
1633037
1633048
1633517
1634102
1635529
1635722
1635856
1636099
1636126
1637370
1637371
1638385
1638681
1638948
1638949
1638950
1639008
1646410
1647842
1648122
1648175
1648569
1648570
1648718
1648792
1648799
1648917
1649008
1649108
1649390
1649433
1649666
1650508
1650509
1650519
1650624
1651146
1651154
1651171
1651189
1652308
1652476
1652739
1652845
1652846
1652933
1653644
1654375
1654722
1655459
1655556
1656034
1656097
1656104
1656270
1656843
1656844
1656955
1657027
1658094
1658111
1658491
1658508
1658561
1658580
1658726
1658756
1659017
1659018
1659025
1659272
1660066
1660067
1660716
1661295
1661519
1661673
1661858
1661910
1661911
1662961
1662981
1662982
1662983
1662995
1663380
1663487
1663541
1663622
1664520
1665144
1665343
1665349
1666963
1667324
1668758
1668874
1669511
1671200
1672392
1673115
1673534
1674305
1674460
1674547
1674801
