1779774
1779804
1780059
1780131
1780283
1780430
1780471
1780537
1780915
1781890
1781903
1781908
1782142
1782385
1782458
1782607
1783482
1783484
1783485
1783513
1783522
1783523
1783836
1783859
1784574
1784780
1785166
1785167
1785313
1785314
1785402
1785403
1785702
1785762
1786689
1787189
1787708
1787853
1787900
1788314
1788390
1788758
1789867
1790063
1790496
1790568
1790616
1794503
1794724
1795135
1795176
1795320
1795617
1795619
1795620
1795739
1795861
1796010
1796073
1796313
1796409
1796444
1796457
1796519
1796640
1796994
1797718
1797835
1797863
1798055
1798317
1798356
1798395
1798397
1798399
1798405
1798406
1798745
1798757
1798801
1798955
1799050
1799051
1799055
1799056
1799103
1799209
1800955
1800972
1801420
1801846
1802183
1802495
1802549
1802565
1802665
1803122
1803302
1803315
1803407
1803423
1803505
1803512
1803519
1803592
1803657
1803730
1803781
1803831
1803874
1804025
1804220
1804221
1804259
1804287
1804306
1804309
1804466
1804567
1804703
1804757
1804778
1804805
1804886
1804901
1804954
1805037
1805124
1805686
1805717
1805938
1806055
1806370
1806486
1806530
1806552
1806914
1807364
1807533
1807534
1807819
1808166
1809405
1809560
1809880
1810457
1810646
1810780
1810871
1811104
