1544116
1544117
1544122
1544385
1544636
1545267
1545599
1546084
1547186
1547884
1552315
1553676
1553677
1553991
1555192
1556446
1556457
1556637
1557555
1558009
1558107
1558131
1558548
1558965
1558967
1560011
1560808
1560843
1561756
1561773
1562510
1562539
1562952
1564652
1566215
1567045
1567098
1568151
1568195
1569334
1569461
1569753
1569754
1571851
1571952
1572115
1572140
1572231
1572330
1572870
1572877
1572878
1573139
1574098
1574141
1574218
1574360
1574875
1574880
1574881
1574946
1574947
1575008
1575009
1575010
1575061
1575257
1576397
1576398
1576766
1576767
1576875
1576876
1576939
1576947
1577158
1577853
1579028
1579059
1579696
1579697
1579806
1582184
1582363
1582597
1583018
1583040
1583041
1583042
1583043
1583044
1583045
1584613
1584866
1584889
1585133
1585396
1586243
1586285
1586662
1586919
1587249
1587913
1589555
1589576
1589597
1590280
1590281
1592198
1593267
1593319
1593777
1593866
1594149
1594166
1594450
1594946
1595355
1595841
1595980
1596628
1596975
1597403
1597587
1597588
1598247
1598932
1600581
1601292
1602468
1604054
1604756
1605508
1606570
1606770
1607060
1607509
1607580
1607604
1607821
1608018
1609756
1611172
1611596
1611670
1613034
1613105
1613934
1614075
1614331
