1919120
1919170
1919242
1919291
1919309
1919415
1919422
1919430
1919569
1919613
1919702
1919714
1919756
1919773
1919784
1919846
1919852
1919919
1919951
1920125
1920336
1920542
1920737
1920882
1920883
1921280
1921740
1921960
1922680
1922710
1922713
1922876
1923025
1923048
1923310
1925224
1925773
1929562
1931045
1931046
1931047
1932885
1933271
1933487
1934527
1934742
1934808
1935119
1935775
1936218
1936532
1936535
1938986
1939540
1943571
1943610
1943611
1943728
1944371
1944375
1945959
1945960
1947357
1947871
1947988
1948704
1949051
1949507
1949950
1949951
1950252
1951302
1951520
1951938
1952001
1952898
1953219
1953220
1953223
1953242
1954224
1954358
1955044
1955049
1955441
1955447
1956115
1956120
1956121
1956122
1956123
1956329
1957495
1957507
1960056
1960127
1961267
1961571
1961785
1962050
1962094
1962125
1962190
1962236
1962335
1962384
1962569
1963061
1963151
1963455
1963465
1963612
1963706
1963786
1963809
1963906
1963921
1964020
1964028
1964031
1964032
1964036
1964037
1964059
1964304
1964529
1964636
1964757
1964940
1966152
1966226
1966763
1967552
1967558
1967830
1968013
1968423
1968795
1970370
1970371
1971475
1971502
1971555
1972129
1972700
1973136
1974341
1975482
1976002
1976090
