484171
484511
484550
484901
489017
489542
489543
489717
490103
490104
490105
490394
490395
490396
492179
492180
492638
492819
493805
494016
494031
494037
494109
494596
497189
497278
499240
499366
499367
499488
499489
499925
501337
501497
501827
501948
502172
502247
502457
502585
502621
502847
504400
504401
510123
510133
510477
510668
510669
510670
510671
515653
516456
516800
516803
517698
525898
525899
526075
526096
526455
527213
527220
527250
527331
527423
527727
527728
527813
528106
528232
528439
537321
537329
537724
537725
538435
538506
538623
538985
539151
539272
539446
539465
539628
539805
539995
540332
540345
540351
541195
546289
549428
549433
549674
550432
550452
550735
550789
551055
551181
551191
551222
551285
551769
551815
552090
552624
553009
553060
553455
554133
554134
566087
566155
566346
567007
567905
568119
568122
568254
568401
568459
569559
569950
569954
570416
578205
578252
578424
578549
579208
579213
579230
579242
579513
579715
579740
579956
579965
580016
580120
581335
589741
590009
590095
590434
590775
590890
590923
