1793
1904
1924
46662
46687
51930
51936
51937
68107
68108
77985
78292
79875
79877
79878
79879
82353
82354
82355
147661
161282
161283
161284
161285
161286
161287
161296
161297
217473
217772
217773
217774
217779
219083
222148
223393
223394
223395
223525
238178
238268
238610
238873
240558
240615
240735
240792
240805
240820
240870
241740
241763
242196
242217
243151
243188
243189
243631
243707
243728
243955
244035
244059
244067
251657
254714
254843
256754
259270
259732
260128
261022
261164
261227
261629
261630
261659
262119
262120
262132
262723
262724
263020
263186
263187
263200
263552
263803
264176
264646
265231
265233
265280
265299
265618
265904
266217
266380
266922
267241
267261
267280
267309
267310
267850
268674
268697
268720
268765
268798
268799
268903
269679
269681
269943
269945
270499
270500
270501
270502
270509
271455
271871
271885
271886
272578
272609
273339
273477
273478
273515
273826
273858
273870
273905
273906
273935
273950
273951
274044
274082
274128
274199
274496
274497
275318
276168
276169
276399
276443
