1727300
1727964
1728962
1728963
1728964
1728965
1728966
1728967
1728979
1728980
1728981
1728982
1729574
1729694
1729695
1729991
1729992
1730216
1730389
1731831
1731913
1733194
1733546
1733951
1734600
1734715
1734730
1734886
1735028
1737424
1738176
1738493
1738494
1738495
1738496
1739148
1739209
1742075
1742739
1743139
1743573
1743722
1743988
1744009
1744247
1744492
1749227
1749228
1749229
1749230
1749725
1749778
1750177
1750820
1750821
1750822
1750823
1750825
1750878
1751622
1751737
1752037
1752047
1752144
1752145
1752146
1752147
1752168
1752169
1753211
1753221
1753808
1754306
1754472
1756749
1758216
1758292
1758848
1759209
1759478
1760004
1760074
1761319
1761824
1762063
1762177
1763035
1763036
1763037
1763455
1763456
1763457
1764458
1764827
1765808
1765809
1765810
1766230
1766234
1766472
1766540
1766994
1766995
1767487
1767776
1767886
1768162
1768434
1768435
1768509
1768647
1768987
1769318
1769621
1770299
1770735
1771320
1771403
1771404
1771975
1772101
1772315
1772929
1772930
1773473
1773705
1774020
1774323
1774593
1774785
1774936
1774937
1774994
1775170
1775194
1775196
1775618
1775819
1775987
1776357
1776555
1776556
1777077
1777487
1777527
1778106
1779433
1779702
1779771
1779773
