1870223
1870224
1870546
1871524
1872347
1874016
1874017
1874336
1874390
1874445
1874497
1874515
1874516
1874549
1874614
1874796
1874963
1874964
1875020
1875112
1875724
1875807
1877119
1877525
1877560
1877562
1877576
1877664
1877946
1877947
1877955
1878138
1878168
1878251
1878252
1878549
1879765
1880252
1880375
1880381
1880387
1880840
1880862
1881018
1881062
1881206
1881257
1881324
1883685
1883718
1883725
1883824
1883866
1884536
1884537
1885539
1885750
1886116
1886145
1886657
1886848
1886885
1886989
1888393
1888664
1888665
1889813
1889814
1890000
1890001
1890573
1891110
1891557
1891561
1891649
1891935
1892332
1892387
1892475
1892577
1892779
1892946
1893164
1893642
1893960
1894677
1894761
1895771
1897632
1897943
1898135
1898235
1898699
1898700
1898737
1899020
1899373
1899620
1900059
1900060
1900641
1900850
1900864
1900870
1901694
1901933
1902950
1903151
1903464
1903775
1903824
1903825
1903937
1904638
1904815
1905673
1905839
1906292
1906293
1906634
1906751
1906752
1906813
1906834
1907521
1907607
1908586
1908974
1909444
1909511
1910242
1910243
1910365
1910750
1911195
1911590
1911843
1911933
1912094
1912277
1914276
1915901
1916034
1917117
1918019
1918300
1918301
1918437
1918555
1918632
